3.44322643797833
-0.632142556729116
-6.55615794373196
3.18617727418479
3.51645370237376
3.03013633886012
6.51091607198035
-2.35567762458046
-9.47257720714778
-13.4093931424776
-1.26966741604755
-1.52073490599189
6.51390050129597
-3.7534926117523
3.06631505238554
9.2123792788078
3.05210828224721
-4.07744553728186
4.22278521671472
5.25214665089722
0.885130420931489
0.558934206565349
-3.99639690406898
-2.91834599764377
4.54318086536688
0.206737797038269
-3.56563209632386
2.48718457141914
-4.08759934519178
-2.47197433507677
-2.0606988880628
-5.47437079821544
6.80640470835888
2.18071017917978
2.92366195957818
-7.24751217405592
-0.092614337416477
2.97859843990212
0.71738165201733
-6.35208330579775
-0.398193716951484
0.71073088584799
-8.71601848437622
-3.10483244079375
-1.61017933738927
-6.06057044870153
-1.27465249797059
-13.081947912642
2.23868326091543
4.67723394085956
-5.78665483289587
-1.13795839093969
-1.36087528551411
-0.46092315339873
-1.20649267375042
-3.87913268706264
2.34971300818195
-3.46881672133009
-1.40518131349587
-11.8502704841517
5.61320989648924
7.48049668031764
4.37402048509591
-4.42965912654623
3.75062550972974
-1.94441002247065
2.83034372391042
-4.17493859819971
11.86742455263
0.522410754623077
1.17796297723267
2.30944142258045
4.18577697145823
1.87546424099793
-3.05573841607201
-3.38872474991725
1.60599422069071
0.839939747178566
4.80625623120516
-1.55227464544015
-0.112446889005949
0.037348988619736
-3.66569905294749
-3.4419492206988
-1.80763312294295
6.29351494810907
-0.281186396608218
1.47998672562876
1.85624214913556
-0.24409734764999
5.08489285830002
-5.54144893039005
-1.33689747661431
3.63467503752371
1.50562489424712
0.858472959731829
-6.22712902594851
-0.393265040895842
4.77980216055625
-0.00810484712036504
-0.64496020646476
-2.22168278079189
-1.01693241639161
0.0414216268762507
5.67689179514979
1.51827563994428
2.82553600370239
9.76295600631934
0.0827042611313933
1.63809708703741
5.2818312181743
3.03044762766628
3.14736629114491
-3.42718214054259
6.0419158355655
-1.97725577848184
1.98727991343461
3.73060218188203
1.36347272561146
-2.5204066577494
-4.86015237526259
-10.9143712223872
-1.20281200986073
-1.20831050093849
-10.1087066965945
-4.31462847805099
0.0236063102156107
-4.7713450637049
2.01664789334041
2.09331276121003
-5.77235825479579
-4.11005366045179
2.05596755638719
2.95176894778671
4.41856998241091
10.9351090419499
10.7651470147346
-3.31094075486322
-0.416017788256077
-12.8809654935862
2.62750135524396
4.05291971638053
-1.53152748083402
2.15103288256719
1.8471181293135
-4.29690827853544
4.06163867230569
0.851349079189828
5.72247699719538
-1.42591050928178
4.83649780473208
3.10938537803365
7.43757093897942
2.46876289795307
-1.32125758250726
-1.84280381714688
-1.19966491491026
5.3788374973381
-4.2998746096908
-4.98980760219405
-1.69729619921077
0.622250756011829
0.811667552088354
3.42857571307344
10.1369246646424
3.51041949342223
5.04508317509275
4.19169116009407
-2.21705191215674
0.774575551498416
-0.576866832656413
-0.178566041745915
-1.60176306087616
0.19469668295876
-1.96974719203884
0.303000663094959
4.74735027860703
-8.04494870339714
-7.79364474731685
-6.22807721712868
-10.4643606165273
-1.42521582560711
-1.45914557421352
-3.39442823004914
-2.0098923139404
2.6408484461506
-0.825026667674001
-3.54844255815384
3.82529711034207
-1.71728529354545
-9.30060995058732
-5.79859972467484
6.07955979979474
-3.84392728805466
-2.74069954366451
11.9297154138745
-3.62061554146011
3.3866597268546
-6.06918784981037
3.47360361997774
2.99326581367496
0.633225370746795
6.76233036068843
4.74624979423866
-3.09660171664511
0.357433278781628
3.27755898572676
-1.72517457138551
2.66334567616973
5.90731487904042
4.00522357913755
2.86322960294874
3.70311629817291
0.601366774527485
6.40948585000671
9.789259896455
4.91182003320607
5.29443420684468
1.16065547137803
2.12430470917848
-6.64350443137578
-0.302763659424608
4.83171528159777
1.18795605255661
-3.76313837482017
-3.97799208510452
3.72014751467273
-1.1584534284409
2.1103622637232
-8.62641168574174
4.74645885929853
-5.94239556829103
-2.00797648625945
0.478934747576329
-0.440909892284873
2.18140553461569
-1.73571681951509
-1.72999482329653
5.35752334289232
6.93165439540552
4.4485021413055
3.64116387877946
-1.96398920617418
2.64994536490244
7.96417221460207
1.63817841321233
2.15515839614562
-5.9834801436594
8.35110108890406
-5.65334698543698
7.08959064084534
-2.26754478870752
1.37059353265745
-1.80930631309392
-1.70879915261473
4.12166233002688
-0.621197812122297
-3.03293765004231
10.2364147605426
-2.55636316307523
1.11752963713403
-5.26230417963381
5.63885830505857
-7.16798103659138
2.44352236327459
-7.96250908641577
12.8473676497772
2.42071084217552
4.31807043002058
-3.90854812804956
-8.82953519920049
4.07458468501903
-0.0977849460242572
7.01657687278124
6.55174137920575
-4.43546318126911
2.80000331122944
-5.73480939729471
-1.41495360221029
-1.55457730547246
1.47100398891193
-3.9649427421154
2.07068250158485
3.37192254885585
0.508129522423772
-3.70783658050929
10.6913663139643
-2.29526344235419
7.58828786692524
-7.9344763858494
-5.58212760390238
-4.85324263819309
-4.43065545767883
9.46100561892102
0.559436912956961
-0.505148284354305
-2.37470433219719
5.40553652004705
0.850230367820796
-7.44730318348379
4.29862348650355
1.06259669763736
-2.85076331678978
4.44092600049649
-1.43596169683269
6.91808871712715
-13.8924901367453
5.56492989326401
2.8568862142014
-1.47792386076633
1.85963948659518
0.885512016634728
1.03315574482712
-10.5470568195942
-8.06490145923429
-0.221305463300618
-0.739940342844076
-5.03086325125053
-9.28680952217978
8.14375350334598
-3.85117551464596
0.0105914119907491
-0.229813733334117
-2.87591090390419
-2.85087745981185
-2.62894135578275
-1.38100636268869
3.16719235379526
8.34609308480351
-1.52604296274497
-3.84599537984343
-1.43704291248855
-0.789228750764797
6.05075029273102
0.632695459769631
-1.8380270109626
-2.51160356865479
-12.7029381082304
6.00585027712678
5.66301908673237
0.424840194972989
4.5539103524672
-9.16112852403821
-4.73004486386721
2.00903744824011
1.28597669524544
1.23165010141872
-0.832029264834282
-6.98349447577368
-0.179439001661028
3.38176713804992
-4.84816100201888
-5.79709594777464
-8.16338036799174
7.01414118907995
1.49645943987777
-8.58185893799434
-5.53199828043913
-0.404184138723791
7.20116141211644
1.32286650095671
-4.6339799928183
0.968228757295088
-2.2708387744867
2.10775591234482
7.90186529262869
11.3304730354851
7.5865533800605
-0.958905010230158
-7.04927831895939
0.714054031542256
-3.00540886394235
0.301101234162966
-7.37326263694115
11.6517719646446
6.62068111932013
2.21188412902184
4.93232119716233
-2.2437105377016
-2.02913654595694
-8.17389391994606
3.24841730124766
-7.19026509318271
-2.30526501630089
-7.01992734322328
3.88099944742175
9.29268744992263
2.80676450606452
-7.03329043397707
-0.491258022066058
-9.61942765677663
7.17988096670804
-5.68938126531321
-6.8310224972197
-0.590129372907131
3.69651100814165
-0.524517656345467
-0.837081747106447
2.344606548935
-2.25005177690394
-2.04517019186564
-3.95301699268645
0.133312697528505
3.08262874819043
3.67338093538663
3.42556372719916
-3.71691295533339
2.76549741521549
2.32061858127244
-1.12134275013205
2.7490520931063
1.35501885506496
-6.65110951251469
-0.0257634354763837
5.51140419637411
6.15253607147512
-8.29074845400631
6.35054044696882
9.2270474694721
-6.11449444672507
-0.785965958618804
-3.37571422698101
0.392427936554179
1.59927330539127
10.9187025762648
-4.51391560244063
-8.18734108047538
2.93145467075227
1.25278363313297
-8.87694833716053
9.32758127426314
8.77201561868065
5.46321271900493
-2.06938659435601
1.59760332070255
0.894886130932727
8.07158408748773
13.3223785099863
2.02402806270465
3.72352189059525
-3.83447952686793
-3.07657656198299
7.54787861005874
0.0742308322818157
7.55661506055867
-8.2162946185098
-3.25888197725018
0.56122488696983
-6.76074459413541
6.33116741402703
-3.28917584606681
-8.71017728848167
3.60722464376151
1.09458666219567
-11.1677438453962
3.67938933838002
1.23867170470091
-7.48305382414189
-0.115539441916644
1.96907670583091
-2.46373681221383
-3.62742918807873
-6.05718621995123
-8.73771412154485
-6.60676687953678
5.85310653271735
3.53457675734188
-1.12868531944857
-6.5592099516107
-5.8397799741198
0.828798385544427
1.28878322366219
-2.69152477660743
-3.46044607918194
5.12026466993169
-7.99706478824196
-7.1945035097815
2.19467679553297
3.95616440464565
0.606215725064248
-2.9803153011781
-0.710446561980835
5.27854860046861
-2.27442042636997
1.99932481897405
-1.62876121531598
-8.74694068287783
-0.00554907738145298
1.25465249673803
5.28542803994706
7.5837803868199
-0.158243752304605
-2.1070983948628
-2.26347520467029
-0.54526795807789
-2.50548875962115
-1.46777465099887
-5.49815498720354
-2.05054234732605
2.32308206883944
-2.57054332035877
-1.58849615219605
3.53160950285972
-0.722289898505867
-2.66378524165771
1.65506928204018
2.34126245704639
0.110104767598322
-7.02018729318468
7.95011631274554
-7.10125247014542
0.234783664344326
4.00446453399933
-2.85175382653282
-0.785861641803573
-6.85694833305167
3.54637915793545
-10.7702329322823
2.66233423039278
-5.48924097927049
-5.13725496780152
0.332678736736458
-4.85610473347805
3.09364545072864
-10.2501821989768
-4.0260802482923
-0.107229189835573
1.76682846070324
-5.74253375068844
-0.266802629204305
-7.75078191549799
0.795725689298807
2.0059909935488
-5.08040231286734
0.246969858351001
-4.62901635364746
-0.545041927998525
-4.5923924064937
-0.299765313430492
-4.08104231833278
-4.73780882744952
5.28843704254788
11.172926934126
-7.32523721596678
-7.02632274310418
-0.678729387136368
12.3036154122957
10.1532689966213
-3.85852086166555
-3.70120323722495
3.59645573460351
-0.38770414616709
-3.76866908369849
2.61237518400686
-2.61743760317902
-0.768004660456809
-1.97682009272671
1.90287138091096
0.0982818695942367
1.33326429353927
-4.85536231246967
6.34827240009565
8.45375576430393
-0.279476243923702
-1.30218097970985
-5.55910262308674
0.129197213699686
3.39252542209413
0.00449447875601501
-5.04853920319897
-5.67109095876966
3.51664906618282
-1.54522289508489
-7.85714828562268
3.15911786844098
-3.81905795430817
6.3494853400517
2.24709715822263
-0.76079462844478
0.735904903950748
4.32107267198872
3.62670123667895
-5.46180084338431
0.355266141910932
1.80229938381256
-6.59926803495172
3.15879371567588
7.73834330158949
-7.52261631425896
-0.195610398077079
6.6758010941071
6.85429583219188
3.91637462479319
2.05250547212307
0.594877270214395
2.73791378925361
3.01529893456458
-4.573050445239
-5.83640250567002
-1.16537682551068
-3.34687541456875
7.14617466652809
-18.3318726933081
5.6790871277996
12.9232287634459
-10.1325315963004
2.15174642474834
4.72326366754229
-2.94561868093486
-11.1423725240279
-4.38326400863307
-3.1823802789329
-11.1365555423997
-3.40060856393839
5.68265247839276
-1.81721244408255
10.6417819993413
0.622045751862503
-1.51965482862237
-1.00566998661263
-0.816029844999275
7.02286742323332
-6.90708974503692
-8.56984081832125
-7.09571291178987
0.693739242300612
3.95714717559028
-5.61641789982037
3.16819652598315
2.30561631399498
1.43739627790669
4.91249847556908
5.95438298381115
1.78310999768363
-4.08124782183212
-1.58570935833642
-1.50886018624576
3.90504268267941
-3.08655264119092
-1.2916773193585
-9.82081294756915
3.44049775247885
2.78834558282573
-0.240304489282095
-2.38729978580948
2.51698282156919
-0.146906368303226
9.80453780324362
1.46383186533241
-2.66875784751085
0.258250016804456
-2.28580913670327
0.671470079673646
3.93617081439714
2.92565966293898
-5.90410944866326
1.13488061864531
-1.59609142243987
-2.75808801109353
-0.284759134438831
-0.0356725992505565
-3.69334314553656
1.68577223984609
2.2993818672134
-1.56886104735514
4.03197371954234
2.75589515592262
4.51184810355682
3.46582825255403
5.49098137004178
-2.55024449981617
-1.29296957194006
-2.59836910734202
1.2078382321569
3.5981020404332
-1.84139534650383
-2.59750865227071
-3.40512672729828
4.68901548999927
-0.287780017295671
-2.85891977319685
1.62922044356206
1.80822825238902
-1.29545672288888
1.33716030696559
7.61467572196689
2.65361899051272
7.19768966415564
-12.9450476813539
1.00642164725514
-1.20211498989537
0.722556784662192
0.269952410430209
-3.75090826148355
11.9752163590339
-8.42996749228132
6.82182129147023
1.98421398332085
3.36865186470888
4.33737366410741
-6.82731200408964
3.3827449947304
7.79550968512493
2.40628700680372
0.848369517469796
0.671552659162156
2.29524610132786
-3.03919767236522
-0.902179527890142
-5.24112438537311
0.565718687166179
6.90089954612796
3.95629842666303
4.71206937665902
-3.9866926356431
3.69186267783343
15.4338482042896
-1.59063600097124
10.4284638049834
-5.22712193298984
1.06638097129496
-0.482377795940585
8.56532512004745
3.84347336396711
3.89466377027379
-8.85297756794813
1.81352443635096
-1.69682928741208
6.25121384040618
8.52188362264007
1.23884695569431
0.802478788738028
0.976000629523626
-1.97535180538544
-8.54539314408224
7.5219004342277
6.56890196975735
-4.57268325341163
4.37732751393713
2.68499741310478
1.02828912843588
-4.3725045065326
8.87638470669862
-2.15916851521409
-4.33872443504759
-6.96192185887007
3.20271613410189
2.4123612824764
-5.03602957253697
-0.341572079457862
2.65436076156973
0.44923285227783
-2.64187535283956
-3.83158746601559
6.29551220500026
0.901122731100656
1.25536251130444
10.5511256250269
-2.58737146059884
0.577886398203101
-0.616643218547831
-5.4206600384905
6.57265432529865
7.46759385599471
4.23691995979534
3.53885256912216
-0.321506914920331
4.10197060540499
3.76521663810191
-5.22330383881199
-2.37497926088932
-9.89710275235543
-1.2898503370927
8.86986172566086
3.47731163724051
-4.50874255230835
-1.41375576701927
5.04267460727138
9.93713213817264
4.62519991568668
1.08163137674764
-8.16948069481342
2.31773908752226
0.82809391523652
4.98787030046718
5.91107973902523
-3.35740094311062
0.698478827977448
8.86221837703386
-11.353124843182
0.0832700197704829
-3.03517855761848
5.59044790057259
-4.52485494224073
-7.41971633029774
-4.18925268731849
-1.27518931465947
1.77330478060956
-2.34393900862026
-3.2882370358947
5.5870468426856
-3.64661141255274
-5.55458178606335
-3.92679543537414
0.0740330314160549
-1.89853681197718
-6.4731502420201
-0.224259867863888
0.807977582209713
-7.14157428215589
5.09249552520589
-3.27307733030539
3.26945898002004
8.69611078278098
5.48274478102066
2.97247948994073
-3.26211258016041
0.625589531018216
0.381045909746871
-0.800601629885908
-1.58965558985853
1.90207020935517
-2.88452740592316
-0.0984587529897562
-9.29828391250912
3.23783132047466
0.455366146094114
6.51049757633663
2.09193274721253
-4.12708978700862
-8.98805305137483
-0.0817748855366483
-7.03838911188377
-2.37536494432881
4.94976119584102
-4.47250629591759
-7.52548036997251
-0.024878184523141
2.36194228044358
3.58238598643178
14.9809229406488
10.0441426893662
7.22204903683013
-2.6905880535805
3.34853678964635
9.58848077935845
5.8847346708492
-7.86028457885506
6.20538079721013
-4.07339717515573
-0.473156893709719
2.42026241524842
4.52739649017215
-2.53746248308523
2.45585808435239
-3.35022334008333
4.29859752974911
1.49895835672156
2.46260881430768
-1.2520464103639
6.11577406501393
0.0739571627520099
8.941457888231
5.07736738232031
0.332324795492926
-1.7612424394448
-0.353807908061764
6.79462749796912
0.925643921487241
-1.24351690447575
-3.69513543840952
0.218649222190683
-7.35977156740185
4.62525855761091
9.89066803650669
-2.15578349975365
0.610706585717359
-1.76451832412354
11.374539422849
1.20200691721688
1.5069332489926
5.13819366917417
-4.08779077410676
0.212764127376422
-2.28796642517131
-3.11142500404922
2.77085353927089
6.28532664633255
-3.98246115957029
-5.21979012322648
7.82894614910454
-2.74222591330907
-1.60950731465321
3.39546573846734
4.50144220905948
3.26123155486736
3.06188214440441
4.68474171389828
-3.29713251687132
3.80556539971578
1.49527090939092
-4.51173054246133
-5.80831930598064
-4.26208697518467
-0.370815849916012
-8.86198711191023
2.21109698443381
-3.86532142726496
3.48881041630181
4.35627526995127
6.14860535025435
-0.12221448723898
1.97567744969766
-7.65799678455511
-6.52217342625639
1.19033094248442
-2.86599650399007
1.80830847045301
0.120289738870295
7.69247080917449
2.08066571995417
4.27311625647546
1.70686851548405
4.14567997525792
-0.293880546844737
-7.34754643976137
-11.9163879500388
-4.02696400406604
2.42374748748862
0.0639075162943915
-4.77703527586276
-3.16760355909167
-5.06532588622299
-2.90692381628421
-9.93654941815822
3.16829136035695
-3.60385454872566
-5.81134253797396
-5.81211606919145
9.17619219872822
1.57745164584521
-2.77387483779349
7.67255435042474
8.717183702093
1.5214458665883
-3.46065991618827
-3.08088880318917
2.7931548470907
-7.32426447542083
-1.96905479790461
-2.0454640799605
-1.35835015021896
2.16390453871008
-3.06108698136065
-8.68353810830583
4.32606858122215
-3.62462043116996
7.28590956923356
6.02032634154228
3.12785538455161
-3.82203526149695
-1.0710146189836
-1.81266715762726
4.85559902437094
-8.55905552633765
-1.3548561863946
-1.05660409438751
5.11934421716068
7.58254346955475
-7.71294237355498
-10.4508677245616
0.885554721255505
-2.67052221743661
1.60147820699276
-0.482944754966839
2.09418883153714
-1.3151676879774
1.59867188657521
-6.48597726275043
0.850997117543077
-4.79275318401409
-2.62262246218503
-1.74836096772052
-16.0976214400379
-0.105827130007479
1.49711219638812
-11.9930879736747
-6.45844486747855
-2.34725265486594
-3.59397763307611
-3.92979442509255
2.05285110328554
-2.55630985364148
0.75067542356486
-4.84686198699089
3.67811811734623
2.8906078276748
-0.821882944579064
-0.813441435440802
0.586001062686843
